time,jaccard_useful,jaccard_useless,model_name,test,env,batch,underlying_model,model_class,finish_time,jaccard,precision,recall,f1,completeness
0.0,0.0,0.0,extra_trees_100_max_depth_7,madelon2,ganxis,False,Extra Trees,Boruta Extra Trees,1588078911,0.8181818181818182,0.9,0.9,0.9,0.7682709982901882
0.6159746646881104,0.0,0.0,extra_trees_100_max_depth_7,madelon2,ganxis,False,Extra Trees,Boruta Extra Trees,1588078911,0.8181818181818182,0.9,0.9,0.9,0.7682709982901882
1.2360093593597412,0.0,0.0,extra_trees_100_max_depth_7,madelon2,ganxis,False,Extra Trees,Boruta Extra Trees,1588078911,0.8181818181818182,0.9,0.9,0.9,0.7682709982901882
1.8562026023864746,0.0,0.0,extra_trees_100_max_depth_7,madelon2,ganxis,False,Extra Trees,Boruta Extra Trees,1588078911,0.8181818181818182,0.9,0.9,0.9,0.7682709982901882
2.570733070373535,0.0,0.0,extra_trees_100_max_depth_7,madelon2,ganxis,False,Extra Trees,Boruta Extra Trees,1588078911,0.8181818181818182,0.9,0.9,0.9,0.7682709982901882
3.190361738204956,0.0,0.0,extra_trees_100_max_depth_7,madelon2,ganxis,False,Extra Trees,Boruta Extra Trees,1588078911,0.8181818181818182,0.9,0.9,0.9,0.7682709982901882
3.9436633586883545,0.0,0.0,extra_trees_100_max_depth_7,madelon2,ganxis,False,Extra Trees,Boruta Extra Trees,1588078911,0.8181818181818182,0.9,0.9,0.9,0.7682709982901882
4.55522894859314,0.0,0.0,extra_trees_100_max_depth_7,madelon2,ganxis,False,Extra Trees,Boruta Extra Trees,1588078911,0.8181818181818182,0.9,0.9,0.9,0.7682709982901882
5.16445517539978,0.0,0.0,extra_trees_100_max_depth_7,madelon2,ganxis,False,Extra Trees,Boruta Extra Trees,1588078911,0.8181818181818182,0.9,0.9,0.9,0.7682709982901882
5.783250331878662,0.0,0.0,extra_trees_100_max_depth_7,madelon2,ganxis,False,Extra Trees,Boruta Extra Trees,1588078911,0.8181818181818182,0.9,0.9,0.9,0.7682709982901882
6.418790578842163,0.0,0.0,extra_trees_100_max_depth_7,madelon2,ganxis,False,Extra Trees,Boruta Extra Trees,1588078911,0.8181818181818182,0.9,0.9,0.9,0.7682709982901882
7.108179807662964,0.0,0.0,extra_trees_100_max_depth_7,madelon2,ganxis,False,Extra Trees,Boruta Extra Trees,1588078911,0.8181818181818182,0.9,0.9,0.9,0.7682709982901882
7.717208385467529,0.0,0.0,extra_trees_100_max_depth_7,madelon2,ganxis,False,Extra Trees,Boruta Extra Trees,1588078911,0.8181818181818182,0.9,0.9,0.9,0.7682709982901882
8.27113127708435,0.0,0.0,extra_trees_100_max_depth_7,madelon2,ganxis,False,Extra Trees,Boruta Extra Trees,1588078911,0.8181818181818182,0.9,0.9,0.9,0.7682709982901882
8.906614780426025,0.3,0.983402489626556,extra_trees_100_max_depth_7,madelon2,ganxis,False,Extra Trees,Boruta Extra Trees,1588078911,0.8181818181818182,0.9,0.9,0.9,0.7682709982901882
9.464446067810059,0.3,0.983402489626556,extra_trees_100_max_depth_7,madelon2,ganxis,False,Extra Trees,Boruta Extra Trees,1588078911,0.8181818181818182,0.9,0.9,0.9,0.7682709982901882
10.119404077529907,0.3,0.983402489626556,extra_trees_100_max_depth_7,madelon2,ganxis,False,Extra Trees,Boruta Extra Trees,1588078911,0.8181818181818182,0.9,0.9,0.9,0.7682709982901882
10.74245285987854,0.3,0.983402489626556,extra_trees_100_max_depth_7,madelon2,ganxis,False,Extra Trees,Boruta Extra Trees,1588078911,0.8181818181818182,0.9,0.9,0.9,0.7682709982901882
11.301700592041016,0.3,0.9854771784232366,extra_trees_100_max_depth_7,madelon2,ganxis,False,Extra Trees,Boruta Extra Trees,1588078911,0.8181818181818182,0.9,0.9,0.9,0.7682709982901882
11.856643438339233,0.3,0.9854771784232366,extra_trees_100_max_depth_7,madelon2,ganxis,False,Extra Trees,Boruta Extra Trees,1588078911,0.8181818181818182,0.9,0.9,0.9,0.7682709982901882
12.409419059753418,0.3,0.9854771784232366,extra_trees_100_max_depth_7,madelon2,ganxis,False,Extra Trees,Boruta Extra Trees,1588078911,0.8181818181818182,0.9,0.9,0.9,0.7682709982901882
13.010703086853027,0.3,0.9854771784232366,extra_trees_100_max_depth_7,madelon2,ganxis,False,Extra Trees,Boruta Extra Trees,1588078911,0.8181818181818182,0.9,0.9,0.9,0.7682709982901882
13.585866451263428,0.3,0.9875518672199171,extra_trees_100_max_depth_7,madelon2,ganxis,False,Extra Trees,Boruta Extra Trees,1588078911,0.8181818181818182,0.9,0.9,0.9,0.7682709982901882
14.16441822052002,0.3,0.9875518672199171,extra_trees_100_max_depth_7,madelon2,ganxis,False,Extra Trees,Boruta Extra Trees,1588078911,0.8181818181818182,0.9,0.9,0.9,0.7682709982901882
14.789085865020752,0.3,0.9875518672199171,extra_trees_100_max_depth_7,madelon2,ganxis,False,Extra Trees,Boruta Extra Trees,1588078911,0.8181818181818182,0.9,0.9,0.9,0.7682709982901882
15.342090845108032,0.3,0.9896265560165975,extra_trees_100_max_depth_7,madelon2,ganxis,False,Extra Trees,Boruta Extra Trees,1588078911,0.8181818181818182,0.9,0.9,0.9,0.7682709982901882
16.02463150024414,0.3,0.9896265560165975,extra_trees_100_max_depth_7,madelon2,ganxis,False,Extra Trees,Boruta Extra Trees,1588078911,0.8181818181818182,0.9,0.9,0.9,0.7682709982901882
16.597140073776245,0.3,0.9896265560165975,extra_trees_100_max_depth_7,madelon2,ganxis,False,Extra Trees,Boruta Extra Trees,1588078911,0.8181818181818182,0.9,0.9,0.9,0.7682709982901882
17.148200750350952,0.35,0.9896265560165975,extra_trees_100_max_depth_7,madelon2,ganxis,False,Extra Trees,Boruta Extra Trees,1588078911,0.8181818181818182,0.9,0.9,0.9,0.7682709982901882
17.73018455505371,0.35,0.9896265560165975,extra_trees_100_max_depth_7,madelon2,ganxis,False,Extra Trees,Boruta Extra Trees,1588078911,0.8181818181818182,0.9,0.9,0.9,0.7682709982901882
18.293161869049072,0.35,0.9896265560165975,extra_trees_100_max_depth_7,madelon2,ganxis,False,Extra Trees,Boruta Extra Trees,1588078911,0.8181818181818182,0.9,0.9,0.9,0.7682709982901882
18.857547760009766,0.35,0.9896265560165975,extra_trees_100_max_depth_7,madelon2,ganxis,False,Extra Trees,Boruta Extra Trees,1588078911,0.8181818181818182,0.9,0.9,0.9,0.7682709982901882
19.433916568756104,0.35,0.9896265560165975,extra_trees_100_max_depth_7,madelon2,ganxis,False,Extra Trees,Boruta Extra Trees,1588078911,0.8181818181818182,0.9,0.9,0.9,0.7682709982901882
19.98560118675232,0.35,0.9896265560165975,extra_trees_100_max_depth_7,madelon2,ganxis,False,Extra Trees,Boruta Extra Trees,1588078911,0.8181818181818182,0.9,0.9,0.9,0.7682709982901882
20.463829517364502,0.35,0.9896265560165975,extra_trees_100_max_depth_7,madelon2,ganxis,False,Extra Trees,Boruta Extra Trees,1588078911,0.8181818181818182,0.9,0.9,0.9,0.7682709982901882
21.027634620666504,0.35,0.9896265560165975,extra_trees_100_max_depth_7,madelon2,ganxis,False,Extra Trees,Boruta Extra Trees,1588078911,0.8181818181818182,0.9,0.9,0.9,0.7682709982901882
21.67253875732422,0.35,0.9896265560165975,extra_trees_100_max_depth_7,madelon2,ganxis,False,Extra Trees,Boruta Extra Trees,1588078911,0.8181818181818182,0.9,0.9,0.9,0.7682709982901882
22.2349112033844,0.35,0.9896265560165975,extra_trees_100_max_depth_7,madelon2,ganxis,False,Extra Trees,Boruta Extra Trees,1588078911,0.8181818181818182,0.9,0.9,0.9,0.7682709982901882
22.763728141784668,0.35,0.9896265560165975,extra_trees_100_max_depth_7,madelon2,ganxis,False,Extra Trees,Boruta Extra Trees,1588078911,0.8181818181818182,0.9,0.9,0.9,0.7682709982901882
23.326110363006592,0.35,0.9896265560165975,extra_trees_100_max_depth_7,madelon2,ganxis,False,Extra Trees,Boruta Extra Trees,1588078911,0.8181818181818182,0.9,0.9,0.9,0.7682709982901882
23.89380693435669,0.4,0.9896265560165975,extra_trees_100_max_depth_7,madelon2,ganxis,False,Extra Trees,Boruta Extra Trees,1588078911,0.8181818181818182,0.9,0.9,0.9,0.7682709982901882
24.496483087539673,0.4,0.9896265560165975,extra_trees_100_max_depth_7,madelon2,ganxis,False,Extra Trees,Boruta Extra Trees,1588078911,0.8181818181818182,0.9,0.9,0.9,0.7682709982901882
25.082919597625732,0.4,0.9896265560165975,extra_trees_100_max_depth_7,madelon2,ganxis,False,Extra Trees,Boruta Extra Trees,1588078911,0.8181818181818182,0.9,0.9,0.9,0.7682709982901882
25.651328086853027,0.5,0.9896265560165975,extra_trees_100_max_depth_7,madelon2,ganxis,False,Extra Trees,Boruta Extra Trees,1588078911,0.8181818181818182,0.9,0.9,0.9,0.7682709982901882
26.194422483444214,0.5,0.9896265560165975,extra_trees_100_max_depth_7,madelon2,ganxis,False,Extra Trees,Boruta Extra Trees,1588078911,0.8181818181818182,0.9,0.9,0.9,0.7682709982901882
26.74592614173889,0.5,0.9896265560165975,extra_trees_100_max_depth_7,madelon2,ganxis,False,Extra Trees,Boruta Extra Trees,1588078911,0.8181818181818182,0.9,0.9,0.9,0.7682709982901882
27.386826515197754,0.55,0.9896265560165975,extra_trees_100_max_depth_7,madelon2,ganxis,False,Extra Trees,Boruta Extra Trees,1588078911,0.8181818181818182,0.9,0.9,0.9,0.7682709982901882
27.940551280975342,0.55,0.9896265560165975,extra_trees_100_max_depth_7,madelon2,ganxis,False,Extra Trees,Boruta Extra Trees,1588078911,0.8181818181818182,0.9,0.9,0.9,0.7682709982901882
28.500223875045776,0.55,0.9896265560165975,extra_trees_100_max_depth_7,madelon2,ganxis,False,Extra Trees,Boruta Extra Trees,1588078911,0.8181818181818182,0.9,0.9,0.9,0.7682709982901882
29.05670690536499,0.55,0.9896265560165975,extra_trees_100_max_depth_7,madelon2,ganxis,False,Extra Trees,Boruta Extra Trees,1588078911,0.8181818181818182,0.9,0.9,0.9,0.7682709982901882
29.648488759994507,0.55,0.9896265560165975,extra_trees_100_max_depth_7,madelon2,ganxis,False,Extra Trees,Boruta Extra Trees,1588078911,0.8181818181818182,0.9,0.9,0.9,0.7682709982901882
30.22891640663147,0.7,0.9896265560165975,extra_trees_100_max_depth_7,madelon2,ganxis,False,Extra Trees,Boruta Extra Trees,1588078911,0.8181818181818182,0.9,0.9,0.9,0.7682709982901882
30.820786237716675,0.7,0.9896265560165975,extra_trees_100_max_depth_7,madelon2,ganxis,False,Extra Trees,Boruta Extra Trees,1588078911,0.8181818181818182,0.9,0.9,0.9,0.7682709982901882
31.502001523971558,0.7,0.9896265560165975,extra_trees_100_max_depth_7,madelon2,ganxis,False,Extra Trees,Boruta Extra Trees,1588078911,0.8181818181818182,0.9,0.9,0.9,0.7682709982901882
32.06476163864136,0.9,0.9896265560165975,extra_trees_100_max_depth_7,madelon2,ganxis,False,Extra Trees,Boruta Extra Trees,1588078911,0.8181818181818182,0.9,0.9,0.9,0.7682709982901882
32.77895927429199,0.9,0.9896265560165975,extra_trees_100_max_depth_7,madelon2,ganxis,False,Extra Trees,Boruta Extra Trees,1588078911,0.8181818181818182,0.9,0.9,0.9,0.7682709982901882
33.3539035320282,0.9,0.9896265560165975,extra_trees_100_max_depth_7,madelon2,ganxis,False,Extra Trees,Boruta Extra Trees,1588078911,0.8181818181818182,0.9,0.9,0.9,0.7682709982901882
33.93273210525513,0.9,0.9896265560165975,extra_trees_100_max_depth_7,madelon2,ganxis,False,Extra Trees,Boruta Extra Trees,1588078911,0.8181818181818182,0.9,0.9,0.9,0.7682709982901882
34.499351501464844,0.9,0.9896265560165975,extra_trees_100_max_depth_7,madelon2,ganxis,False,Extra Trees,Boruta Extra Trees,1588078911,0.8181818181818182,0.9,0.9,0.9,0.7682709982901882
35.06098389625549,0.9,0.9896265560165975,extra_trees_100_max_depth_7,madelon2,ganxis,False,Extra Trees,Boruta Extra Trees,1588078911,0.8181818181818182,0.9,0.9,0.9,0.7682709982901882
35.64777970314026,0.9,0.9896265560165975,extra_trees_100_max_depth_7,madelon2,ganxis,False,Extra Trees,Boruta Extra Trees,1588078911,0.8181818181818182,0.9,0.9,0.9,0.7682709982901882
36.33185648918152,0.9,0.9896265560165975,extra_trees_100_max_depth_7,madelon2,ganxis,False,Extra Trees,Boruta Extra Trees,1588078911,0.8181818181818182,0.9,0.9,0.9,0.7682709982901882
36.89352822303772,0.9,0.9896265560165975,extra_trees_100_max_depth_7,madelon2,ganxis,False,Extra Trees,Boruta Extra Trees,1588078911,0.8181818181818182,0.9,0.9,0.9,0.7682709982901882
37.36409902572632,0.9,0.9896265560165975,extra_trees_100_max_depth_7,madelon2,ganxis,False,Extra Trees,Boruta Extra Trees,1588078911,0.8181818181818182,0.9,0.9,0.9,0.7682709982901882
37.94037747383118,0.9,0.9896265560165975,extra_trees_100_max_depth_7,madelon2,ganxis,False,Extra Trees,Boruta Extra Trees,1588078911,0.8181818181818182,0.9,0.9,0.9,0.7682709982901882
38.597858905792236,0.9,0.9896265560165975,extra_trees_100_max_depth_7,madelon2,ganxis,False,Extra Trees,Boruta Extra Trees,1588078911,0.8181818181818182,0.9,0.9,0.9,0.7682709982901882
39.16269850730896,0.9,0.9896265560165975,extra_trees_100_max_depth_7,madelon2,ganxis,False,Extra Trees,Boruta Extra Trees,1588078911,0.8181818181818182,0.9,0.9,0.9,0.7682709982901882
39.72588920593262,0.9,0.9896265560165975,extra_trees_100_max_depth_7,madelon2,ganxis,False,Extra Trees,Boruta Extra Trees,1588078911,0.8181818181818182,0.9,0.9,0.9,0.7682709982901882
40.359169006347656,0.9,0.9896265560165975,extra_trees_100_max_depth_7,madelon2,ganxis,False,Extra Trees,Boruta Extra Trees,1588078911,0.8181818181818182,0.9,0.9,0.9,0.7682709982901882
40.93081831932068,0.9,0.9896265560165975,extra_trees_100_max_depth_7,madelon2,ganxis,False,Extra Trees,Boruta Extra Trees,1588078911,0.8181818181818182,0.9,0.9,0.9,0.7682709982901882
41.52666258811951,0.9,0.9896265560165975,extra_trees_100_max_depth_7,madelon2,ganxis,False,Extra Trees,Boruta Extra Trees,1588078911,0.8181818181818182,0.9,0.9,0.9,0.7682709982901882
42.08508086204529,0.9,0.9896265560165975,extra_trees_100_max_depth_7,madelon2,ganxis,False,Extra Trees,Boruta Extra Trees,1588078911,0.8181818181818182,0.9,0.9,0.9,0.7682709982901882
42.6454656124115,0.9,0.9896265560165975,extra_trees_100_max_depth_7,madelon2,ganxis,False,Extra Trees,Boruta Extra Trees,1588078911,0.8181818181818182,0.9,0.9,0.9,0.7682709982901882
43.19938087463379,0.9,0.9896265560165975,extra_trees_100_max_depth_7,madelon2,ganxis,False,Extra Trees,Boruta Extra Trees,1588078911,0.8181818181818182,0.9,0.9,0.9,0.7682709982901882
43.75737929344177,0.9,0.9896265560165975,extra_trees_100_max_depth_7,madelon2,ganxis,False,Extra Trees,Boruta Extra Trees,1588078911,0.8181818181818182,0.9,0.9,0.9,0.7682709982901882
44.42618536949158,0.9,0.9896265560165975,extra_trees_100_max_depth_7,madelon2,ganxis,False,Extra Trees,Boruta Extra Trees,1588078911,0.8181818181818182,0.9,0.9,0.9,0.7682709982901882
44.99954891204834,0.9,0.9896265560165975,extra_trees_100_max_depth_7,madelon2,ganxis,False,Extra Trees,Boruta Extra Trees,1588078911,0.8181818181818182,0.9,0.9,0.9,0.7682709982901882
45.55213785171509,0.9,0.9896265560165975,extra_trees_100_max_depth_7,madelon2,ganxis,False,Extra Trees,Boruta Extra Trees,1588078911,0.8181818181818182,0.9,0.9,0.9,0.7682709982901882
46.15426063537598,0.9,0.9896265560165975,extra_trees_100_max_depth_7,madelon2,ganxis,False,Extra Trees,Boruta Extra Trees,1588078911,0.8181818181818182,0.9,0.9,0.9,0.7682709982901882
46.72902059555054,0.9,0.9896265560165975,extra_trees_100_max_depth_7,madelon2,ganxis,False,Extra Trees,Boruta Extra Trees,1588078911,0.8181818181818182,0.9,0.9,0.9,0.7682709982901882
47.33198666572571,0.8571428571428571,0.9896265560165975,extra_trees_100_max_depth_7,madelon2,ganxis,False,Extra Trees,Boruta Extra Trees,1588078911,0.8181818181818182,0.9,0.9,0.9,0.7682709982901882
47.88912558555603,0.8571428571428571,0.9896265560165975,extra_trees_100_max_depth_7,madelon2,ganxis,False,Extra Trees,Boruta Extra Trees,1588078911,0.8181818181818182,0.9,0.9,0.9,0.7682709982901882
48.450801610946655,0.8571428571428571,0.9896265560165975,extra_trees_100_max_depth_7,madelon2,ganxis,False,Extra Trees,Boruta Extra Trees,1588078911,0.8181818181818182,0.9,0.9,0.9,0.7682709982901882
49.112682819366455,0.8571428571428571,0.9896265560165975,extra_trees_100_max_depth_7,madelon2,ganxis,False,Extra Trees,Boruta Extra Trees,1588078911,0.8181818181818182,0.9,0.9,0.9,0.7682709982901882
49.60010814666748,0.8571428571428571,0.9896265560165975,extra_trees_100_max_depth_7,madelon2,ganxis,False,Extra Trees,Boruta Extra Trees,1588078911,0.8181818181818182,0.9,0.9,0.9,0.7682709982901882
50.262471199035645,0.8571428571428571,0.9896265560165975,extra_trees_100_max_depth_7,madelon2,ganxis,False,Extra Trees,Boruta Extra Trees,1588078911,0.8181818181818182,0.9,0.9,0.9,0.7682709982901882
50.81369209289551,0.8571428571428571,0.9896265560165975,extra_trees_100_max_depth_7,madelon2,ganxis,False,Extra Trees,Boruta Extra Trees,1588078911,0.8181818181818182,0.9,0.9,0.9,0.7682709982901882
51.387141942977905,0.8571428571428571,0.9896265560165975,extra_trees_100_max_depth_7,madelon2,ganxis,False,Extra Trees,Boruta Extra Trees,1588078911,0.8181818181818182,0.9,0.9,0.9,0.7682709982901882
51.96643805503845,0.8571428571428571,0.9896265560165975,extra_trees_100_max_depth_7,madelon2,ganxis,False,Extra Trees,Boruta Extra Trees,1588078911,0.8181818181818182,0.9,0.9,0.9,0.7682709982901882
52.47047448158264,0.8571428571428571,0.9896265560165975,extra_trees_100_max_depth_7,madelon2,ganxis,False,Extra Trees,Boruta Extra Trees,1588078911,0.8181818181818182,0.9,0.9,0.9,0.7682709982901882
53.11837720870972,0.8571428571428571,0.9896265560165975,extra_trees_100_max_depth_7,madelon2,ganxis,False,Extra Trees,Boruta Extra Trees,1588078911,0.8181818181818182,0.9,0.9,0.9,0.7682709982901882
53.68082857131958,0.8571428571428571,0.9896265560165975,extra_trees_100_max_depth_7,madelon2,ganxis,False,Extra Trees,Boruta Extra Trees,1588078911,0.8181818181818182,0.9,0.9,0.9,0.7682709982901882
54.22619867324829,0.8571428571428571,0.9896265560165975,extra_trees_100_max_depth_7,madelon2,ganxis,False,Extra Trees,Boruta Extra Trees,1588078911,0.8181818181818182,0.9,0.9,0.9,0.7682709982901882
54.76844310760498,0.8571428571428571,0.9896265560165975,extra_trees_100_max_depth_7,madelon2,ganxis,False,Extra Trees,Boruta Extra Trees,1588078911,0.8181818181818182,0.9,0.9,0.9,0.7682709982901882
55.24020290374756,0.8571428571428571,0.9896265560165975,extra_trees_100_max_depth_7,madelon2,ganxis,False,Extra Trees,Boruta Extra Trees,1588078911,0.8181818181818182,0.9,0.9,0.9,0.7682709982901882
55.9231333732605,0.8571428571428571,0.9896265560165975,extra_trees_100_max_depth_7,madelon2,ganxis,False,Extra Trees,Boruta Extra Trees,1588078911,0.8181818181818182,0.9,0.9,0.9,0.7682709982901882
56.50113344192505,0.8571428571428571,0.9896265560165975,extra_trees_100_max_depth_7,madelon2,ganxis,False,Extra Trees,Boruta Extra Trees,1588078911,0.8181818181818182,0.9,0.9,0.9,0.7682709982901882
57.20026230812073,0.8571428571428571,0.9896265560165975,extra_trees_100_max_depth_7,madelon2,ganxis,False,Extra Trees,Boruta Extra Trees,1588078911,0.8181818181818182,0.9,0.9,0.9,0.7682709982901882
57.80574584007263,0.8571428571428571,0.9896265560165975,extra_trees_100_max_depth_7,madelon2,ganxis,False,Extra Trees,Boruta Extra Trees,1588078911,0.8181818181818182,0.9,0.9,0.9,0.7682709982901882
58.414098024368286,0.8571428571428571,0.9896265560165975,extra_trees_100_max_depth_7,madelon2,ganxis,False,Extra Trees,Boruta Extra Trees,1588078911,0.8181818181818182,0.9,0.9,0.9,0.7682709982901882
58.9963653087616,0.8571428571428571,0.9896265560165975,extra_trees_100_max_depth_7,madelon2,ganxis,False,Extra Trees,Boruta Extra Trees,1588078911,0.8181818181818182,0.9,0.9,0.9,0.7682709982901882
59.60204482078552,0.8571428571428571,0.9896265560165975,extra_trees_100_max_depth_7,madelon2,ganxis,False,Extra Trees,Boruta Extra Trees,1588078911,0.8181818181818182,0.9,0.9,0.9,0.7682709982901882
60.174237966537476,0.8571428571428571,0.9896265560165975,extra_trees_100_max_depth_7,madelon2,ganxis,False,Extra Trees,Boruta Extra Trees,1588078911,0.8181818181818182,0.9,0.9,0.9,0.7682709982901882
60.72655391693115,0.8571428571428571,0.9896265560165975,extra_trees_100_max_depth_7,madelon2,ganxis,False,Extra Trees,Boruta Extra Trees,1588078911,0.8181818181818182,0.9,0.9,0.9,0.7682709982901882
61.32082390785217,0.8571428571428571,0.9896265560165975,extra_trees_100_max_depth_7,madelon2,ganxis,False,Extra Trees,Boruta Extra Trees,1588078911,0.8181818181818182,0.9,0.9,0.9,0.7682709982901882
62.02032923698425,0.8571428571428571,0.9896265560165975,extra_trees_100_max_depth_7,madelon2,ganxis,False,Extra Trees,Boruta Extra Trees,1588078911,0.8181818181818182,0.9,0.9,0.9,0.7682709982901882
62.58026885986328,0.8571428571428571,0.9896265560165975,extra_trees_100_max_depth_7,madelon2,ganxis,False,Extra Trees,Boruta Extra Trees,1588078911,0.8181818181818182,0.9,0.9,0.9,0.7682709982901882
63.21433091163635,0.8571428571428571,0.9896265560165975,extra_trees_100_max_depth_7,madelon2,ganxis,False,Extra Trees,Boruta Extra Trees,1588078911,0.8181818181818182,0.9,0.9,0.9,0.7682709982901882
63.771912574768066,0.8571428571428571,0.9896265560165975,extra_trees_100_max_depth_7,madelon2,ganxis,False,Extra Trees,Boruta Extra Trees,1588078911,0.8181818181818182,0.9,0.9,0.9,0.7682709982901882
64.31470561027527,0.8571428571428571,0.9896265560165975,extra_trees_100_max_depth_7,madelon2,ganxis,False,Extra Trees,Boruta Extra Trees,1588078911,0.8181818181818182,0.9,0.9,0.9,0.7682709982901882
64.8677351474762,0.8571428571428571,0.9896265560165975,extra_trees_100_max_depth_7,madelon2,ganxis,False,Extra Trees,Boruta Extra Trees,1588078911,0.8181818181818182,0.9,0.9,0.9,0.7682709982901882
65.43160271644592,0.8571428571428571,0.9896265560165975,extra_trees_100_max_depth_7,madelon2,ganxis,False,Extra Trees,Boruta Extra Trees,1588078911,0.8181818181818182,0.9,0.9,0.9,0.7682709982901882
65.98974847793579,0.8181818181818182,0.9896265560165975,extra_trees_100_max_depth_7,madelon2,ganxis,False,Extra Trees,Boruta Extra Trees,1588078911,0.8181818181818182,0.9,0.9,0.9,0.7682709982901882
66.71286725997925,0.8181818181818182,0.9896265560165975,extra_trees_100_max_depth_7,madelon2,ganxis,False,Extra Trees,Boruta Extra Trees,1588078911,0.8181818181818182,0.9,0.9,0.9,0.7682709982901882
67.26998472213745,0.8181818181818182,0.9896265560165975,extra_trees_100_max_depth_7,madelon2,ganxis,False,Extra Trees,Boruta Extra Trees,1588078911,0.8181818181818182,0.9,0.9,0.9,0.7682709982901882
67.84397196769714,0.8181818181818182,0.9896265560165975,extra_trees_100_max_depth_7,madelon2,ganxis,False,Extra Trees,Boruta Extra Trees,1588078911,0.8181818181818182,0.9,0.9,0.9,0.7682709982901882
68.47285175323486,0.8181818181818182,0.9896265560165975,extra_trees_100_max_depth_7,madelon2,ganxis,False,Extra Trees,Boruta Extra Trees,1588078911,0.8181818181818182,0.9,0.9,0.9,0.7682709982901882
69.01576519012451,0.8181818181818182,0.9896265560165975,extra_trees_100_max_depth_7,madelon2,ganxis,False,Extra Trees,Boruta Extra Trees,1588078911,0.8181818181818182,0.9,0.9,0.9,0.7682709982901882
69.57596945762634,0.8181818181818182,0.9896265560165975,extra_trees_100_max_depth_7,madelon2,ganxis,False,Extra Trees,Boruta Extra Trees,1588078911,0.8181818181818182,0.9,0.9,0.9,0.7682709982901882
70.12165999412537,0.8181818181818182,0.9896265560165975,extra_trees_100_max_depth_7,madelon2,ganxis,False,Extra Trees,Boruta Extra Trees,1588078911,0.8181818181818182,0.9,0.9,0.9,0.7682709982901882
70.67880725860596,0.8181818181818182,0.9896265560165975,extra_trees_100_max_depth_7,madelon2,ganxis,False,Extra Trees,Boruta Extra Trees,1588078911,0.8181818181818182,0.9,0.9,0.9,0.7682709982901882
71.35619401931763,0.8181818181818182,0.9896265560165975,extra_trees_100_max_depth_7,madelon2,ganxis,False,Extra Trees,Boruta Extra Trees,1588078911,0.8181818181818182,0.9,0.9,0.9,0.7682709982901882
71.9374577999115,0.8181818181818182,0.9896265560165975,extra_trees_100_max_depth_7,madelon2,ganxis,False,Extra Trees,Boruta Extra Trees,1588078911,0.8181818181818182,0.9,0.9,0.9,0.7682709982901882
72.52868819236755,0.8181818181818182,0.9896265560165975,extra_trees_100_max_depth_7,madelon2,ganxis,False,Extra Trees,Boruta Extra Trees,1588078911,0.8181818181818182,0.9,0.9,0.9,0.7682709982901882
73.10552287101746,0.8181818181818182,0.9896265560165975,extra_trees_100_max_depth_7,madelon2,ganxis,False,Extra Trees,Boruta Extra Trees,1588078911,0.8181818181818182,0.9,0.9,0.9,0.7682709982901882
73.79436898231506,0.8181818181818182,0.9896265560165975,extra_trees_100_max_depth_7,madelon2,ganxis,False,Extra Trees,Boruta Extra Trees,1588078911,0.8181818181818182,0.9,0.9,0.9,0.7682709982901882
74.34200358390808,0.8181818181818182,0.9896265560165975,extra_trees_100_max_depth_7,madelon2,ganxis,False,Extra Trees,Boruta Extra Trees,1588078911,0.8181818181818182,0.9,0.9,0.9,0.7682709982901882
74.90296173095703,0.8181818181818182,0.9896265560165975,extra_trees_100_max_depth_7,madelon2,ganxis,False,Extra Trees,Boruta Extra Trees,1588078911,0.8181818181818182,0.9,0.9,0.9,0.7682709982901882
75.46520733833313,0.8181818181818182,0.9896265560165975,extra_trees_100_max_depth_7,madelon2,ganxis,False,Extra Trees,Boruta Extra Trees,1588078911,0.8181818181818182,0.9,0.9,0.9,0.7682709982901882
76.14833498001099,0.8181818181818182,0.9896265560165975,extra_trees_100_max_depth_7,madelon2,ganxis,False,Extra Trees,Boruta Extra Trees,1588078911,0.8181818181818182,0.9,0.9,0.9,0.7682709982901882
76.71668314933777,0.8181818181818182,0.9896265560165975,extra_trees_100_max_depth_7,madelon2,ganxis,False,Extra Trees,Boruta Extra Trees,1588078911,0.8181818181818182,0.9,0.9,0.9,0.7682709982901882
77.30321884155273,0.8181818181818182,0.9896265560165975,extra_trees_100_max_depth_7,madelon2,ganxis,False,Extra Trees,Boruta Extra Trees,1588078911,0.8181818181818182,0.9,0.9,0.9,0.7682709982901882
77.87166738510132,0.8181818181818182,0.9896265560165975,extra_trees_100_max_depth_7,madelon2,ganxis,False,Extra Trees,Boruta Extra Trees,1588078911,0.8181818181818182,0.9,0.9,0.9,0.7682709982901882
78.34089517593384,0.8181818181818182,0.9896265560165975,extra_trees_100_max_depth_7,madelon2,ganxis,False,Extra Trees,Boruta Extra Trees,1588078911,0.8181818181818182,0.9,0.9,0.9,0.7682709982901882
78.92395615577698,0.8181818181818182,0.9896265560165975,extra_trees_100_max_depth_7,madelon2,ganxis,False,Extra Trees,Boruta Extra Trees,1588078911,0.8181818181818182,0.9,0.9,0.9,0.7682709982901882
79.48968124389648,0.8181818181818182,0.9896265560165975,extra_trees_100_max_depth_7,madelon2,ganxis,False,Extra Trees,Boruta Extra Trees,1588078911,0.8181818181818182,0.9,0.9,0.9,0.7682709982901882
80.0618793964386,0.8181818181818182,0.9896265560165975,extra_trees_100_max_depth_7,madelon2,ganxis,False,Extra Trees,Boruta Extra Trees,1588078911,0.8181818181818182,0.9,0.9,0.9,0.7682709982901882
80.75319910049438,0.8181818181818182,0.9896265560165975,extra_trees_100_max_depth_7,madelon2,ganxis,False,Extra Trees,Boruta Extra Trees,1588078911,0.8181818181818182,0.9,0.9,0.9,0.7682709982901882
81.32576513290405,0.8181818181818182,0.9896265560165975,extra_trees_100_max_depth_7,madelon2,ganxis,False,Extra Trees,Boruta Extra Trees,1588078911,0.8181818181818182,0.9,0.9,0.9,0.7682709982901882
81.86778855323792,0.8181818181818182,0.9896265560165975,extra_trees_100_max_depth_7,madelon2,ganxis,False,Extra Trees,Boruta Extra Trees,1588078911,0.8181818181818182,0.9,0.9,0.9,0.7682709982901882
82.42625975608826,0.8181818181818182,0.9896265560165975,extra_trees_100_max_depth_7,madelon2,ganxis,False,Extra Trees,Boruta Extra Trees,1588078911,0.8181818181818182,0.9,0.9,0.9,0.7682709982901882
82.98280882835388,0.8181818181818182,0.9896265560165975,extra_trees_100_max_depth_7,madelon2,ganxis,False,Extra Trees,Boruta Extra Trees,1588078911,0.8181818181818182,0.9,0.9,0.9,0.7682709982901882
83.5399477481842,0.8181818181818182,0.9896265560165975,extra_trees_100_max_depth_7,madelon2,ganxis,False,Extra Trees,Boruta Extra Trees,1588078911,0.8181818181818182,0.9,0.9,0.9,0.7682709982901882
84.09396481513977,0.8181818181818182,0.9896265560165975,extra_trees_100_max_depth_7,madelon2,ganxis,False,Extra Trees,Boruta Extra Trees,1588078911,0.8181818181818182,0.9,0.9,0.9,0.7682709982901882
84.64465403556824,0.8181818181818182,0.9896265560165975,extra_trees_100_max_depth_7,madelon2,ganxis,False,Extra Trees,Boruta Extra Trees,1588078911,0.8181818181818182,0.9,0.9,0.9,0.7682709982901882
85.44453740119934,0.8181818181818182,0.9896265560165975,extra_trees_100_max_depth_7,madelon2,ganxis,False,Extra Trees,Boruta Extra Trees,1588078911,0.8181818181818182,0.9,0.9,0.9,0.7682709982901882
86.0179693698883,0.8181818181818182,0.9896265560165975,extra_trees_100_max_depth_7,madelon2,ganxis,False,Extra Trees,Boruta Extra Trees,1588078911,0.8181818181818182,0.9,0.9,0.9,0.7682709982901882
86.5691785812378,0.8181818181818182,0.9896265560165975,extra_trees_100_max_depth_7,madelon2,ganxis,False,Extra Trees,Boruta Extra Trees,1588078911,0.8181818181818182,0.9,0.9,0.9,0.7682709982901882
87.12385678291321,0.8181818181818182,0.9896265560165975,extra_trees_100_max_depth_7,madelon2,ganxis,False,Extra Trees,Boruta Extra Trees,1588078911,0.8181818181818182,0.9,0.9,0.9,0.7682709982901882
87.66714286804199,0.8181818181818182,0.9896265560165975,extra_trees_100_max_depth_7,madelon2,ganxis,False,Extra Trees,Boruta Extra Trees,1588078911,0.8181818181818182,0.9,0.9,0.9,0.7682709982901882
88.21435379981995,0.8181818181818182,0.9896265560165975,extra_trees_100_max_depth_7,madelon2,ganxis,False,Extra Trees,Boruta Extra Trees,1588078911,0.8181818181818182,0.9,0.9,0.9,0.7682709982901882
88.76204776763916,0.8181818181818182,0.9896265560165975,extra_trees_100_max_depth_7,madelon2,ganxis,False,Extra Trees,Boruta Extra Trees,1588078911,0.8181818181818182,0.9,0.9,0.9,0.7682709982901882
89.3295509815216,0.8181818181818182,0.9896265560165975,extra_trees_100_max_depth_7,madelon2,ganxis,False,Extra Trees,Boruta Extra Trees,1588078911,0.8181818181818182,0.9,0.9,0.9,0.7682709982901882
90.01168894767761,0.8181818181818182,0.9896265560165975,extra_trees_100_max_depth_7,madelon2,ganxis,False,Extra Trees,Boruta Extra Trees,1588078911,0.8181818181818182,0.9,0.9,0.9,0.7682709982901882
90.60521697998047,0.8181818181818182,0.9896265560165975,extra_trees_100_max_depth_7,madelon2,ganxis,False,Extra Trees,Boruta Extra Trees,1588078911,0.8181818181818182,0.9,0.9,0.9,0.7682709982901882
91.17535209655762,0.8181818181818182,0.9896265560165975,extra_trees_100_max_depth_7,madelon2,ganxis,False,Extra Trees,Boruta Extra Trees,1588078911,0.8181818181818182,0.9,0.9,0.9,0.7682709982901882
91.74119591712952,0.8181818181818182,0.9896265560165975,extra_trees_100_max_depth_7,madelon2,ganxis,False,Extra Trees,Boruta Extra Trees,1588078911,0.8181818181818182,0.9,0.9,0.9,0.7682709982901882
92.32670783996582,0.8181818181818182,0.9896265560165975,extra_trees_100_max_depth_7,madelon2,ganxis,False,Extra Trees,Boruta Extra Trees,1588078911,0.8181818181818182,0.9,0.9,0.9,0.7682709982901882
92.89559125900269,0.8181818181818182,0.9896265560165975,extra_trees_100_max_depth_7,madelon2,ganxis,False,Extra Trees,Boruta Extra Trees,1588078911,0.8181818181818182,0.9,0.9,0.9,0.7682709982901882
93.45608162879944,0.8181818181818182,0.9896265560165975,extra_trees_100_max_depth_7,madelon2,ganxis,False,Extra Trees,Boruta Extra Trees,1588078911,0.8181818181818182,0.9,0.9,0.9,0.7682709982901882
94.01616907119751,0.8181818181818182,0.9896265560165975,extra_trees_100_max_depth_7,madelon2,ganxis,False,Extra Trees,Boruta Extra Trees,1588078911,0.8181818181818182,0.9,0.9,0.9,0.7682709982901882
94.58758306503296,0.8181818181818182,0.9896265560165975,extra_trees_100_max_depth_7,madelon2,ganxis,False,Extra Trees,Boruta Extra Trees,1588078911,0.8181818181818182,0.9,0.9,0.9,0.7682709982901882
95.15338921546936,0.8181818181818182,0.9896265560165975,extra_trees_100_max_depth_7,madelon2,ganxis,False,Extra Trees,Boruta Extra Trees,1588078911,0.8181818181818182,0.9,0.9,0.9,0.7682709982901882
95.78298950195312,0.8181818181818182,0.9896265560165975,extra_trees_100_max_depth_7,madelon2,ganxis,False,Extra Trees,Boruta Extra Trees,1588078911,0.8181818181818182,0.9,0.9,0.9,0.7682709982901882
96.30376434326172,0.8181818181818182,0.9896265560165975,extra_trees_100_max_depth_7,madelon2,ganxis,False,Extra Trees,Boruta Extra Trees,1588078911,0.8181818181818182,0.9,0.9,0.9,0.7682709982901882
96.86361861228943,0.8181818181818182,0.9896265560165975,extra_trees_100_max_depth_7,madelon2,ganxis,False,Extra Trees,Boruta Extra Trees,1588078911,0.8181818181818182,0.9,0.9,0.9,0.7682709982901882
97.42982888221741,0.8181818181818182,0.9896265560165975,extra_trees_100_max_depth_7,madelon2,ganxis,False,Extra Trees,Boruta Extra Trees,1588078911,0.8181818181818182,0.9,0.9,0.9,0.7682709982901882
98.00086307525635,0.8181818181818182,0.9896265560165975,extra_trees_100_max_depth_7,madelon2,ganxis,False,Extra Trees,Boruta Extra Trees,1588078911,0.8181818181818182,0.9,0.9,0.9,0.7682709982901882
98.59902000427246,0.8181818181818182,0.9896265560165975,extra_trees_100_max_depth_7,madelon2,ganxis,False,Extra Trees,Boruta Extra Trees,1588078911,0.8181818181818182,0.9,0.9,0.9,0.7682709982901882
99.27397680282593,0.8181818181818182,0.9896265560165975,extra_trees_100_max_depth_7,madelon2,ganxis,False,Extra Trees,Boruta Extra Trees,1588078911,0.8181818181818182,0.9,0.9,0.9,0.7682709982901882
99.82121276855469,0.8181818181818182,0.9896265560165975,extra_trees_100_max_depth_7,madelon2,ganxis,False,Extra Trees,Boruta Extra Trees,1588078911,0.8181818181818182,0.9,0.9,0.9,0.7682709982901882
100.40932106971741,0.8181818181818182,0.9896265560165975,extra_trees_100_max_depth_7,madelon2,ganxis,False,Extra Trees,Boruta Extra Trees,1588078911,0.8181818181818182,0.9,0.9,0.9,0.7682709982901882
101.06749105453491,0.8181818181818182,0.9896265560165975,extra_trees_100_max_depth_7,madelon2,ganxis,False,Extra Trees,Boruta Extra Trees,1588078911,0.8181818181818182,0.9,0.9,0.9,0.7682709982901882
101.6588191986084,0.8181818181818182,0.9896265560165975,extra_trees_100_max_depth_7,madelon2,ganxis,False,Extra Trees,Boruta Extra Trees,1588078911,0.8181818181818182,0.9,0.9,0.9,0.7682709982901882
102.20976948738098,0.8181818181818182,0.9896265560165975,extra_trees_100_max_depth_7,madelon2,ganxis,False,Extra Trees,Boruta Extra Trees,1588078911,0.8181818181818182,0.9,0.9,0.9,0.7682709982901882
102.78173661231995,0.8181818181818182,0.9896265560165975,extra_trees_100_max_depth_7,madelon2,ganxis,False,Extra Trees,Boruta Extra Trees,1588078911,0.8181818181818182,0.9,0.9,0.9,0.7682709982901882
103.37209129333496,0.8181818181818182,0.9896265560165975,extra_trees_100_max_depth_7,madelon2,ganxis,False,Extra Trees,Boruta Extra Trees,1588078911,0.8181818181818182,0.9,0.9,0.9,0.7682709982901882
104.08464527130127,0.8181818181818182,0.9896265560165975,extra_trees_100_max_depth_7,madelon2,ganxis,False,Extra Trees,Boruta Extra Trees,1588078911,0.8181818181818182,0.9,0.9,0.9,0.7682709982901882
104.6536693572998,0.8181818181818182,0.9896265560165975,extra_trees_100_max_depth_7,madelon2,ganxis,False,Extra Trees,Boruta Extra Trees,1588078911,0.8181818181818182,0.9,0.9,0.9,0.7682709982901882
105.24206638336182,0.8181818181818182,0.9896265560165975,extra_trees_100_max_depth_7,madelon2,ganxis,False,Extra Trees,Boruta Extra Trees,1588078911,0.8181818181818182,0.9,0.9,0.9,0.7682709982901882
105.83653211593628,0.8181818181818182,0.9896265560165975,extra_trees_100_max_depth_7,madelon2,ganxis,False,Extra Trees,Boruta Extra Trees,1588078911,0.8181818181818182,0.9,0.9,0.9,0.7682709982901882
106.43564248085022,0.8181818181818182,0.9896265560165975,extra_trees_100_max_depth_7,madelon2,ganxis,False,Extra Trees,Boruta Extra Trees,1588078911,0.8181818181818182,0.9,0.9,0.9,0.7682709982901882
107.00088262557983,0.8181818181818182,0.9896265560165975,extra_trees_100_max_depth_7,madelon2,ganxis,False,Extra Trees,Boruta Extra Trees,1588078911,0.8181818181818182,0.9,0.9,0.9,0.7682709982901882
107.56122946739197,0.8181818181818182,0.9896265560165975,extra_trees_100_max_depth_7,madelon2,ganxis,False,Extra Trees,Boruta Extra Trees,1588078911,0.8181818181818182,0.9,0.9,0.9,0.7682709982901882
108.26703071594238,0.8181818181818182,0.9896265560165975,extra_trees_100_max_depth_7,madelon2,ganxis,False,Extra Trees,Boruta Extra Trees,1588078911,0.8181818181818182,0.9,0.9,0.9,0.7682709982901882
108.89553761482239,0.8181818181818182,0.9896265560165975,extra_trees_100_max_depth_7,madelon2,ganxis,False,Extra Trees,Boruta Extra Trees,1588078911,0.8181818181818182,0.9,0.9,0.9,0.7682709982901882
109.43605279922485,0.8181818181818182,0.9896265560165975,extra_trees_100_max_depth_7,madelon2,ganxis,False,Extra Trees,Boruta Extra Trees,1588078911,0.8181818181818182,0.9,0.9,0.9,0.7682709982901882
109.97582340240479,0.8181818181818182,0.9896265560165975,extra_trees_100_max_depth_7,madelon2,ganxis,False,Extra Trees,Boruta Extra Trees,1588078911,0.8181818181818182,0.9,0.9,0.9,0.7682709982901882
110.46498346328735,0.8181818181818182,0.9896265560165975,extra_trees_100_max_depth_7,madelon2,ganxis,False,Extra Trees,Boruta Extra Trees,1588078911,0.8181818181818182,0.9,0.9,0.9,0.7682709982901882
110.96738028526306,0.8181818181818182,0.9896265560165975,extra_trees_100_max_depth_7,madelon2,ganxis,False,Extra Trees,Boruta Extra Trees,1588078911,0.8181818181818182,0.9,0.9,0.9,0.7682709982901882
111.52849125862122,0.8181818181818182,0.9896265560165975,extra_trees_100_max_depth_7,madelon2,ganxis,False,Extra Trees,Boruta Extra Trees,1588078911,0.8181818181818182,0.9,0.9,0.9,0.7682709982901882
112.11573815345764,0.8181818181818182,0.9896265560165975,extra_trees_100_max_depth_7,madelon2,ganxis,False,Extra Trees,Boruta Extra Trees,1588078911,0.8181818181818182,0.9,0.9,0.9,0.7682709982901882
112.65823197364807,0.8181818181818182,0.9896265560165975,extra_trees_100_max_depth_7,madelon2,ganxis,False,Extra Trees,Boruta Extra Trees,1588078911,0.8181818181818182,0.9,0.9,0.9,0.7682709982901882
113.20670533180237,0.8181818181818182,0.9896265560165975,extra_trees_100_max_depth_7,madelon2,ganxis,False,Extra Trees,Boruta Extra Trees,1588078911,0.8181818181818182,0.9,0.9,0.9,0.7682709982901882
113.76775741577148,0.8181818181818182,0.9896265560165975,extra_trees_100_max_depth_7,madelon2,ganxis,False,Extra Trees,Boruta Extra Trees,1588078911,0.8181818181818182,0.9,0.9,0.9,0.7682709982901882
114.3480236530304,0.8181818181818182,0.9896265560165975,extra_trees_100_max_depth_7,madelon2,ganxis,False,Extra Trees,Boruta Extra Trees,1588078911,0.8181818181818182,0.9,0.9,0.9,0.7682709982901882
114.93911719322205,0.8181818181818182,0.9896265560165975,extra_trees_100_max_depth_7,madelon2,ganxis,False,Extra Trees,Boruta Extra Trees,1588078911,0.8181818181818182,0.9,0.9,0.9,0.7682709982901882
115.5148286819458,0.8181818181818182,0.9896265560165975,extra_trees_100_max_depth_7,madelon2,ganxis,False,Extra Trees,Boruta Extra Trees,1588078911,0.8181818181818182,0.9,0.9,0.9,0.7682709982901882
116.0712959766388,0.8181818181818182,0.9896265560165975,extra_trees_100_max_depth_7,madelon2,ganxis,False,Extra Trees,Boruta Extra Trees,1588078911,0.8181818181818182,0.9,0.9,0.9,0.7682709982901882
116.65900659561157,0.8181818181818182,0.9896265560165975,extra_trees_100_max_depth_7,madelon2,ganxis,False,Extra Trees,Boruta Extra Trees,1588078911,0.8181818181818182,0.9,0.9,0.9,0.7682709982901882
117.21210765838623,0.8181818181818182,0.9896265560165975,extra_trees_100_max_depth_7,madelon2,ganxis,False,Extra Trees,Boruta Extra Trees,1588078911,0.8181818181818182,0.9,0.9,0.9,0.7682709982901882
117.87596893310547,0.8181818181818182,0.9896265560165975,extra_trees_100_max_depth_7,madelon2,ganxis,False,Extra Trees,Boruta Extra Trees,1588078911,0.8181818181818182,0.9,0.9,0.9,0.7682709982901882
118.43964409828186,0.8181818181818182,0.9896265560165975,extra_trees_100_max_depth_7,madelon2,ganxis,False,Extra Trees,Boruta Extra Trees,1588078911,0.8181818181818182,0.9,0.9,0.9,0.7682709982901882
118.90006685256958,0.8181818181818182,0.9896265560165975,extra_trees_100_max_depth_7,madelon2,ganxis,False,Extra Trees,Boruta Extra Trees,1588078911,0.8181818181818182,0.9,0.9,0.9,0.7682709982901882
119.45455980300903,0.8181818181818182,0.9896265560165975,extra_trees_100_max_depth_7,madelon2,ganxis,False,Extra Trees,Boruta Extra Trees,1588078911,0.8181818181818182,0.9,0.9,0.9,0.7682709982901882
120.16427063941956,0.8181818181818182,0.9896265560165975,extra_trees_100_max_depth_7,madelon2,ganxis,False,Extra Trees,Boruta Extra Trees,1588078911,0.8181818181818182,0.9,0.9,0.9,0.7682709982901882
120.73113250732422,0.8181818181818182,0.9896265560165975,extra_trees_100_max_depth_7,madelon2,ganxis,False,Extra Trees,Boruta Extra Trees,1588078911,0.8181818181818182,0.9,0.9,0.9,0.7682709982901882
121.26594758033752,0.8181818181818182,0.9896265560165975,extra_trees_100_max_depth_7,madelon2,ganxis,False,Extra Trees,Boruta Extra Trees,1588078911,0.8181818181818182,0.9,0.9,0.9,0.7682709982901882
121.80500483512878,0.8181818181818182,0.9896265560165975,extra_trees_100_max_depth_7,madelon2,ganxis,False,Extra Trees,Boruta Extra Trees,1588078911,0.8181818181818182,0.9,0.9,0.9,0.7682709982901882
122.45908284187317,0.8181818181818182,0.9896265560165975,extra_trees_100_max_depth_7,madelon2,ganxis,False,Extra Trees,Boruta Extra Trees,1588078911,0.8181818181818182,0.9,0.9,0.9,0.7682709982901882
123.01888251304626,0.8181818181818182,0.9896265560165975,extra_trees_100_max_depth_7,madelon2,ganxis,False,Extra Trees,Boruta Extra Trees,1588078911,0.8181818181818182,0.9,0.9,0.9,0.7682709982901882
123.55825400352478,0.8181818181818182,0.9896265560165975,extra_trees_100_max_depth_7,madelon2,ganxis,False,Extra Trees,Boruta Extra Trees,1588078911,0.8181818181818182,0.9,0.9,0.9,0.7682709982901882
124.09732604026794,0.8181818181818182,0.9896265560165975,extra_trees_100_max_depth_7,madelon2,ganxis,False,Extra Trees,Boruta Extra Trees,1588078911,0.8181818181818182,0.9,0.9,0.9,0.7682709982901882
124.65082359313965,0.8181818181818182,0.9896265560165975,extra_trees_100_max_depth_7,madelon2,ganxis,False,Extra Trees,Boruta Extra Trees,1588078911,0.8181818181818182,0.9,0.9,0.9,0.7682709982901882
125.19928050041199,0.8181818181818182,0.9896265560165975,extra_trees_100_max_depth_7,madelon2,ganxis,False,Extra Trees,Boruta Extra Trees,1588078911,0.8181818181818182,0.9,0.9,0.9,0.7682709982901882
125.75810980796814,0.8181818181818182,0.9896265560165975,extra_trees_100_max_depth_7,madelon2,ganxis,False,Extra Trees,Boruta Extra Trees,1588078911,0.8181818181818182,0.9,0.9,0.9,0.7682709982901882
126.30500340461731,0.8181818181818182,0.9896265560165975,extra_trees_100_max_depth_7,madelon2,ganxis,False,Extra Trees,Boruta Extra Trees,1588078911,0.8181818181818182,0.9,0.9,0.9,0.7682709982901882
126.98748064041138,0.8181818181818182,0.9896265560165975,extra_trees_100_max_depth_7,madelon2,ganxis,False,Extra Trees,Boruta Extra Trees,1588078911,0.8181818181818182,0.9,0.9,0.9,0.7682709982901882
127.56728649139404,0.8181818181818182,0.9896265560165975,extra_trees_100_max_depth_7,madelon2,ganxis,False,Extra Trees,Boruta Extra Trees,1588078911,0.8181818181818182,0.9,0.9,0.9,0.7682709982901882
128.1274061203003,0.8181818181818182,0.9896265560165975,extra_trees_100_max_depth_7,madelon2,ganxis,False,Extra Trees,Boruta Extra Trees,1588078911,0.8181818181818182,0.9,0.9,0.9,0.7682709982901882
128.68643856048584,0.8181818181818182,0.9896265560165975,extra_trees_100_max_depth_7,madelon2,ganxis,False,Extra Trees,Boruta Extra Trees,1588078911,0.8181818181818182,0.9,0.9,0.9,0.7682709982901882
129.25455474853516,0.8181818181818182,0.9896265560165975,extra_trees_100_max_depth_7,madelon2,ganxis,False,Extra Trees,Boruta Extra Trees,1588078911,0.8181818181818182,0.9,0.9,0.9,0.7682709982901882
129.82670736312866,0.8181818181818182,0.9896265560165975,extra_trees_100_max_depth_7,madelon2,ganxis,False,Extra Trees,Boruta Extra Trees,1588078911,0.8181818181818182,0.9,0.9,0.9,0.7682709982901882
130.425057888031,0.8181818181818182,0.9896265560165975,extra_trees_100_max_depth_7,madelon2,ganxis,False,Extra Trees,Boruta Extra Trees,1588078911,0.8181818181818182,0.9,0.9,0.9,0.7682709982901882
130.98122143745422,0.8181818181818182,0.9896265560165975,extra_trees_100_max_depth_7,madelon2,ganxis,False,Extra Trees,Boruta Extra Trees,1588078911,0.8181818181818182,0.9,0.9,0.9,0.7682709982901882
131.62108540534973,0.8181818181818182,0.9896265560165975,extra_trees_100_max_depth_7,madelon2,ganxis,False,Extra Trees,Boruta Extra Trees,1588078911,0.8181818181818182,0.9,0.9,0.9,0.7682709982901882
132.1777148246765,0.8181818181818182,0.9896265560165975,extra_trees_100_max_depth_7,madelon2,ganxis,False,Extra Trees,Boruta Extra Trees,1588078911,0.8181818181818182,0.9,0.9,0.9,0.7682709982901882
132.85915184020996,0.8181818181818182,0.9896265560165975,extra_trees_100_max_depth_7,madelon2,ganxis,False,Extra Trees,Boruta Extra Trees,1588078911,0.8181818181818182,0.9,0.9,0.9,0.7682709982901882
133.40618777275085,0.8181818181818182,0.9896265560165975,extra_trees_100_max_depth_7,madelon2,ganxis,False,Extra Trees,Boruta Extra Trees,1588078911,0.8181818181818182,0.9,0.9,0.9,0.7682709982901882
133.95931816101074,0.8181818181818182,0.9896265560165975,extra_trees_100_max_depth_7,madelon2,ganxis,False,Extra Trees,Boruta Extra Trees,1588078911,0.8181818181818182,0.9,0.9,0.9,0.7682709982901882
134.5240442752838,0.8181818181818182,0.9896265560165975,extra_trees_100_max_depth_7,madelon2,ganxis,False,Extra Trees,Boruta Extra Trees,1588078911,0.8181818181818182,0.9,0.9,0.9,0.7682709982901882
135.07524919509888,0.8181818181818182,0.9896265560165975,extra_trees_100_max_depth_7,madelon2,ganxis,False,Extra Trees,Boruta Extra Trees,1588078911,0.8181818181818182,0.9,0.9,0.9,0.7682709982901882
135.6843650341034,0.8181818181818182,0.9896265560165975,extra_trees_100_max_depth_7,madelon2,ganxis,False,Extra Trees,Boruta Extra Trees,1588078911,0.8181818181818182,0.9,0.9,0.9,0.7682709982901882
136.3860445022583,0.8181818181818182,0.9896265560165975,extra_trees_100_max_depth_7,madelon2,ganxis,False,Extra Trees,Boruta Extra Trees,1588078911,0.8181818181818182,0.9,0.9,0.9,0.7682709982901882
136.9528591632843,0.8181818181818182,0.9896265560165975,extra_trees_100_max_depth_7,madelon2,ganxis,False,Extra Trees,Boruta Extra Trees,1588078911,0.8181818181818182,0.9,0.9,0.9,0.7682709982901882
137.51296424865723,0.8181818181818182,0.9896265560165975,extra_trees_100_max_depth_7,madelon2,ganxis,False,Extra Trees,Boruta Extra Trees,1588078911,0.8181818181818182,0.9,0.9,0.9,0.7682709982901882
138.11243295669556,0.8181818181818182,0.9896265560165975,extra_trees_100_max_depth_7,madelon2,ganxis,False,Extra Trees,Boruta Extra Trees,1588078911,0.8181818181818182,0.9,0.9,0.9,0.7682709982901882
138.66264486312866,0.8181818181818182,0.9896265560165975,extra_trees_100_max_depth_7,madelon2,ganxis,False,Extra Trees,Boruta Extra Trees,1588078911,0.8181818181818182,0.9,0.9,0.9,0.7682709982901882
139.211678981781,0.8181818181818182,0.9896265560165975,extra_trees_100_max_depth_7,madelon2,ganxis,False,Extra Trees,Boruta Extra Trees,1588078911,0.8181818181818182,0.9,0.9,0.9,0.7682709982901882
139.79328966140747,0.8181818181818182,0.9896265560165975,extra_trees_100_max_depth_7,madelon2,ganxis,False,Extra Trees,Boruta Extra Trees,1588078911,0.8181818181818182,0.9,0.9,0.9,0.7682709982901882
140.35758233070374,0.8181818181818182,0.9896265560165975,extra_trees_100_max_depth_7,madelon2,ganxis,False,Extra Trees,Boruta Extra Trees,1588078911,0.8181818181818182,0.9,0.9,0.9,0.7682709982901882
141.09114813804626,0.8181818181818182,0.9896265560165975,extra_trees_100_max_depth_7,madelon2,ganxis,False,Extra Trees,Boruta Extra Trees,1588078911,0.8181818181818182,0.9,0.9,0.9,0.7682709982901882
141.65486764907837,0.8181818181818182,0.9896265560165975,extra_trees_100_max_depth_7,madelon2,ganxis,False,Extra Trees,Boruta Extra Trees,1588078911,0.8181818181818182,0.9,0.9,0.9,0.7682709982901882
142.21420097351074,0.8181818181818182,0.9896265560165975,extra_trees_100_max_depth_7,madelon2,ganxis,False,Extra Trees,Boruta Extra Trees,1588078911,0.8181818181818182,0.9,0.9,0.9,0.7682709982901882
142.75836181640625,0.8181818181818182,0.9896265560165975,extra_trees_100_max_depth_7,madelon2,ganxis,False,Extra Trees,Boruta Extra Trees,1588078911,0.8181818181818182,0.9,0.9,0.9,0.7682709982901882
143.33795261383057,0.8181818181818182,0.9896265560165975,extra_trees_100_max_depth_7,madelon2,ganxis,False,Extra Trees,Boruta Extra Trees,1588078911,0.8181818181818182,0.9,0.9,0.9,0.7682709982901882
143.9126968383789,0.8181818181818182,0.9896265560165975,extra_trees_100_max_depth_7,madelon2,ganxis,False,Extra Trees,Boruta Extra Trees,1588078911,0.8181818181818182,0.9,0.9,0.9,0.7682709982901882
144.45595335960388,0.8181818181818182,0.9896265560165975,extra_trees_100_max_depth_7,madelon2,ganxis,False,Extra Trees,Boruta Extra Trees,1588078911,0.8181818181818182,0.9,0.9,0.9,0.7682709982901882
145.01332879066467,0.8181818181818182,0.9896265560165975,extra_trees_100_max_depth_7,madelon2,ganxis,False,Extra Trees,Boruta Extra Trees,1588078911,0.8181818181818182,0.9,0.9,0.9,0.7682709982901882
145.69099140167236,0.8181818181818182,0.9896265560165975,extra_trees_100_max_depth_7,madelon2,ganxis,False,Extra Trees,Boruta Extra Trees,1588078911,0.8181818181818182,0.9,0.9,0.9,0.7682709982901882
146.26121139526367,0.8181818181818182,0.9896265560165975,extra_trees_100_max_depth_7,madelon2,ganxis,False,Extra Trees,Boruta Extra Trees,1588078911,0.8181818181818182,0.9,0.9,0.9,0.7682709982901882
146.83771419525146,0.8181818181818182,0.9896265560165975,extra_trees_100_max_depth_7,madelon2,ganxis,False,Extra Trees,Boruta Extra Trees,1588078911,0.8181818181818182,0.9,0.9,0.9,0.7682709982901882
147.38246178627014,0.8181818181818182,0.9896265560165975,extra_trees_100_max_depth_7,madelon2,ganxis,False,Extra Trees,Boruta Extra Trees,1588078911,0.8181818181818182,0.9,0.9,0.9,0.7682709982901882
147.96662783622742,0.8181818181818182,0.9896265560165975,extra_trees_100_max_depth_7,madelon2,ganxis,False,Extra Trees,Boruta Extra Trees,1588078911,0.8181818181818182,0.9,0.9,0.9,0.7682709982901882
148.545081615448,0.8181818181818182,0.9896265560165975,extra_trees_100_max_depth_7,madelon2,ganxis,False,Extra Trees,Boruta Extra Trees,1588078911,0.8181818181818182,0.9,0.9,0.9,0.7682709982901882
149.09216618537903,0.8181818181818182,0.9896265560165975,extra_trees_100_max_depth_7,madelon2,ganxis,False,Extra Trees,Boruta Extra Trees,1588078911,0.8181818181818182,0.9,0.9,0.9,0.7682709982901882
